INSERT INTO in_the_maps (ID_Map, ID_type_elements, X, Y)
VALUES
(3, 6, 1, 1),
(3, 6, 2, 1),
(3, 6, 3, 1),
(3, 6, 4, 1),
(3, 6, 5, 1),
(3, 6, 6, 1),
(3, 6, 7, 1),
(3, 6, 8, 1),
(3, 6, 9, 1),
(3, 6, 10, 1),
(3, 6, 11, 1),
(3, 6, 12, 1),
(3, 6, 13, 1),
(3, 6, 14, 1),
(3, 6, 15, 1),
(3, 6, 16, 1),
(3, 6, 17, 1),
(3, 6, 18, 1),
(3, 6, 19, 1),
(3, 6, 20, 1),
(3, 6, 21, 1),
(3, 6, 22, 1),
(3, 6, 23, 1),
(3, 6, 24, 1),
(3, 6, 25, 1),
(3, 6, 26, 1),
(3, 6, 1, 2),
(3, 1, 2, 2),
(3, 5, 3, 2),
(3, 5, 4, 2),
(3, 5, 5, 2),
(3, 3, 6, 2),
(3, 3, 7, 2),
(3, 3, 8, 2),
(3, 5, 9, 2),
(3, 5, 10, 2),
(3, 5, 11, 2),
(3, 5, 12, 2),
(3, 5, 13, 2),
(3, 5, 14, 2),
(3, 5, 15, 2),
(3, 5, 16, 2),
(3, 5, 17, 2),
(3, 5, 18, 2),
(3, 5, 19, 2),
(3, 5, 20, 2),
(3, 5, 21, 2),
(3, 6, 22, 2),
(3, 3, 23, 2),
(3, 5, 24, 2),
(3, 5, 25, 2),
(3, 6, 26, 2),
(3, 6, 1, 3),
(3, 5, 2, 3),
(3, 3, 3, 3),
(3, 5, 4, 3),
(3, 5, 5, 3),
(3, 5, 6, 3),
(3, 5, 7, 3),
(3, 5, 8, 3),
(3, 5, 9, 3),
(3, 3, 10, 3),
(3, 5, 11, 3),
(3, 4, 12, 3),
(3, 3, 13, 3),
(3, 5, 14, 3),
(3, 5, 15, 3),
(3, 2, 16, 3),
(3, 5, 17, 3),
(3, 5, 18, 3),
(3, 3, 19, 3),
(3, 5, 20, 3),
(3, 5, 21, 3),
(3, 5, 22, 3),
(3, 5, 23, 3),
(3, 4, 24, 3),
(3, 5, 25, 3),
(3, 6, 26, 3),
(3, 6, 1, 4),
(3, 5, 2, 4),
(3, 5, 3, 4),
(3, 5, 4, 4),
(3, 5, 5, 4),
(3, 5, 6, 4),
(3, 5, 7, 4),
(3, 5, 8, 4),
(3, 5, 9, 4),
(3, 5, 10, 4),
(3, 5, 11, 4),
(3, 5, 12, 4),
(3, 5, 13, 4),
(3, 5, 14, 4),
(3, 5, 15, 4),
(3, 5, 16, 4),
(3, 5, 17, 4),
(3, 5, 18, 4),
(3, 3, 19, 4),
(3, 5, 20, 4),
(3, 5, 21, 4),
(3, 6, 22, 4),
(3, 5, 23, 4),
(3, 5, 24, 4),
(3, 5, 25, 4),
(3, 6, 26, 4),
(3, 6, 1, 5),
(3, 5, 2, 5),
(3, 5, 3, 5),
(3, 6, 4, 5),
(3, 5, 5, 5),
(3, 5, 6, 5),
(3, 5, 7, 5),
(3, 6, 8, 5),
(3, 6, 9, 5),
(3, 6, 10, 5),
(3, 6, 11, 5),
(3, 6, 12, 5),
(3, 6, 13, 5),
(3, 6, 14, 5),
(3, 6, 15, 5),
(3, 6, 16, 5),
(3, 6, 17, 5),
(3, 6, 18, 5),
(3, 3, 19, 5),
(3, 5, 20, 5),
(3, 5, 21, 5),
(3, 6, 22, 5),
(3, 5, 23, 5),
(3, 3, 24, 5),
(3, 5, 25, 5),
(3, 6, 26, 5),
(3, 6, 1, 6),
(3, 5, 2, 6),
(3, 5, 3, 6),
(3, 6, 4, 6),
(3, 5, 5, 6),
(3, 3, 6, 6),
(3, 5, 7, 6),
(3, 6, 8, 6),
(3, 3, 9, 6),
(3, 3, 10, 6),
(3, 5, 11, 6),
(3, 5, 12, 6),
(3, 5, 13, 6),
(3, 5, 14, 6),
(3, 5, 15, 6),
(3, 5, 16, 6),
(3, 5, 17, 6),
(3, 6, 18, 6),
(3, 5, 19, 6),
(3, 5, 20, 6),
(3, 5, 21, 6),
(3, 6, 22, 6),
(3, 5, 23, 6),
(3, 5, 24, 6),
(3, 5, 25, 6),
(3, 6, 26, 6),
(3, 6, 1, 7),
(3, 3, 2, 7),
(3, 5, 3, 7),
(3, 6, 4, 7),
(3, 5, 5, 7),
(3, 5, 6, 7),
(3, 5, 7, 7),
(3, 6, 8, 7),
(3, 5, 9, 7),
(3, 5, 10, 7),
(3, 5, 11, 7),
(3, 5, 12, 7),
(3, 5, 13, 7),
(3, 5, 14, 7),
(3, 5, 15, 7),
(3, 3, 16, 7),
(3, 5, 17, 7),
(3, 6, 18, 7),
(3, 5, 19, 7),
(3, 5, 20, 7),
(3, 3, 21, 7),
(3, 6, 22, 7),
(3, 5, 23, 7),
(3, 5, 24, 7),
(3, 5, 25, 7),
(3, 6, 26, 7),
(3, 6, 1, 8),
(3, 5, 2, 8),
(3, 5, 3, 8),
(3, 6, 4, 8),
(3, 5, 5, 8),
(3, 5, 6, 8),
(3, 5, 7, 8),
(3, 6, 8, 8),
(3, 5, 9, 8),
(3, 5, 10, 8),
(3, 6, 11, 8),
(3, 5, 12, 8),
(3, 6, 13, 8),
(3, 6, 14, 8),
(3, 6, 15, 8),
(3, 3, 16, 8),
(3, 5, 17, 8),
(3, 6, 18, 8),
(3, 5, 19, 8),
(3, 3, 20, 8),
(3, 5, 21, 8),
(3, 6, 22, 8),
(3, 3, 23, 8),
(3, 5, 24, 8),
(3, 5, 25, 8),
(3, 6, 26, 8),
(3, 6, 1, 9),
(3, 5, 2, 9),
(3, 3, 3, 9),
(3, 6, 4, 9),
(3, 3, 5, 9),
(3, 5, 6, 9),
(3, 5, 7, 9),
(3, 6, 8, 9),
(3, 5, 9, 9),
(3, 4, 10, 9),
(3, 6, 11, 9),
(3, 5, 12, 9),
(3, 3, 13, 9),
(3, 5, 14, 9),
(3, 6, 15, 9),
(3, 5, 16, 9),
(3, 5, 17, 9),
(3, 6, 18, 9),
(3, 5, 19, 9),
(3, 5, 20, 9),
(3, 3, 21, 9),
(3, 6, 22, 9),
(3, 5, 23, 9),
(3, 5, 24, 9),
(3, 5, 25, 9),
(3, 6, 26, 9),
(3, 6, 1, 10),
(3, 5, 2, 10),
(3, 5, 3, 10),
(3, 6, 4, 10),
(3, 5, 5, 10),
(3, 5, 6, 10),
(3, 5, 7, 10),
(3, 6, 8, 10),
(3, 5, 9, 10),
(3, 5, 10, 10),
(3, 6, 11, 10),
(3, 5, 12, 10),
(3, 5, 13, 10),
(3, 5, 14, 10),
(3, 6, 15, 10),
(3, 5, 16, 10),
(3, 5, 17, 10),
(3, 6, 18, 10),
(3, 5, 19, 10),
(3, 5, 20, 10),
(3, 5, 21, 10),
(3, 6, 22, 10),
(3, 5, 23, 10),
(3, 5, 24, 10),
(3, 5, 25, 10),
(3, 6, 26, 10),
(3, 6, 1, 11),
(3, 5, 2, 11),
(3, 5, 3, 11),
(3, 6, 4, 11),
(3, 5, 5, 11),
(3, 5, 6, 11),
(3, 5, 7, 11),
(3, 6, 8, 11),
(3, 5, 9, 11),
(3, 5, 10, 11),
(3, 6, 11, 11),
(3, 5, 12, 11),
(3, 2, 13, 11),
(3, 5, 14, 11),
(3, 6, 15, 11),
(3, 5, 16, 11),
(3, 5, 17, 11),
(3, 5, 18, 11),
(3, 5, 19, 11),
(3, 5, 20, 11),
(3, 5, 21, 11),
(3, 6, 22, 11),
(3, 5, 23, 11),
(3, 3, 24, 11),
(3, 3, 25, 11),
(3, 6, 26, 11),
(3, 6, 1, 12),
(3, 5, 2, 12),
(3, 5, 3, 12),
(3, 6, 4, 12),
(3, 3, 5, 12),
(3, 3, 6, 12),
(3, 5, 7, 12),
(3, 6, 8, 12),
(3, 5, 9, 12),
(3, 5, 10, 12),
(3, 6, 11, 12),
(3, 5, 12, 12),
(3, 5, 13, 12),
(3, 5, 14, 12),
(3, 6, 15, 12),
(3, 5, 16, 12),
(3, 5, 17, 12),
(3, 5, 18, 12),
(3, 5, 19, 12),
(3, 3, 20, 12),
(3, 5, 21, 12),
(3, 6, 22, 12),
(3, 5, 23, 12),
(3, 5, 24, 12),
(3, 5, 25, 12),
(3, 6, 26, 12),
(3, 6, 1, 13),
(3, 5, 2, 13),
(3, 5, 3, 13),
(3, 6, 4, 13),
(3, 5, 5, 13),
(3, 5, 6, 13),
(3, 5, 7, 13),
(3, 6, 8, 13),
(3, 5, 9, 13),
(3, 5, 10, 13),
(3, 6, 11, 13),
(3, 6, 12, 13),
(3, 6, 13, 13),
(3, 6, 14, 13),
(3, 6, 15, 13),
(3, 5, 16, 13),
(3, 5, 17, 13),
(3, 6, 18, 13),
(3, 5, 19, 13),
(3, 5, 20, 13),
(3, 5, 21, 13),
(3, 6, 22, 13),
(3, 5, 23, 13),
(3, 5, 24, 13),
(3, 5, 25, 13),
(3, 6, 26, 13),
(3, 6, 1, 14),
(3, 3, 2, 14),
(3, 5, 3, 14),
(3, 6, 4, 14),
(3, 5, 5, 14),
(3, 5, 6, 14),
(3, 5, 7, 14),
(3, 6, 8, 14),
(3, 5, 9, 14),
(3, 3, 10, 14),
(3, 5, 11, 14),
(3, 5, 12, 14),
(3, 5, 13, 14),
(3, 5, 14, 14),
(3, 5, 15, 14),
(3, 5, 16, 14),
(3, 5, 17, 14),
(3, 6, 18, 14),
(3, 5, 19, 14),
(3, 5, 20, 14),
(3, 5, 21, 14),
(3, 6, 22, 14),
(3, 5, 23, 14),
(3, 5, 24, 14),
(3, 5, 25, 14),
(3, 6, 26, 14),
(3, 6, 1, 15),
(3, 5, 2, 15),
(3, 5, 3, 15),
(3, 6, 4, 15),
(3, 2, 5, 15),
(3, 5, 6, 15),
(3, 5, 7, 15),
(3, 6, 8, 15),
(3, 5, 9, 15),
(3, 5, 10, 15),
(3, 3, 11, 15),
(3, 5, 12, 15),
(3, 2, 13, 15),
(3, 5, 14, 15),
(3, 5, 15, 15),
(3, 3, 16, 15),
(3, 5, 17, 15),
(3, 6, 18, 15),
(3, 5, 19, 15),
(3, 3, 20, 15),
(3, 5, 21, 15),
(3, 6, 22, 15),
(3, 5, 23, 15),
(3, 2, 24, 15),
(3, 5, 25, 15),
(3, 6, 26, 15),
(3, 6, 1, 16),
(3, 5, 2, 16),
(3, 3, 3, 16),
(3, 6, 4, 16),
(3, 5, 5, 16),
(3, 5, 6, 16),
(3, 5, 7, 16),
(3, 6, 8, 16),
(3, 5, 9, 16),
(3, 5, 10, 16),
(3, 5, 11, 16),
(3, 5, 12, 16),
(3, 5, 13, 16),
(3, 5, 14, 16),
(3, 5, 15, 16),
(3, 5, 16, 16),
(3, 3, 17, 16),
(3, 6, 18, 16),
(3, 3, 19, 16),
(3, 5, 20, 16),
(3, 5, 21, 16),
(3, 6, 22, 16),
(3, 5, 23, 16),
(3, 5, 24, 16),
(3, 5, 25, 16),
(3, 6, 26, 16),
(3, 6, 1, 17),
(3, 5, 2, 17),
(3, 3, 3, 17),
(3, 6, 4, 17),
(3, 5, 5, 17),
(3, 5, 6, 17),
(3, 5, 7, 17),
(3, 6, 8, 17),
(3, 6, 9, 17),
(3, 6, 10, 17),
(3, 6, 11, 17),
(3, 6, 12, 17),
(3, 6, 13, 17),
(3, 6, 14, 17),
(3, 6, 15, 17),
(3, 6, 16, 17),
(3, 6, 17, 17),
(3, 6, 18, 17),
(3, 5, 19, 17),
(3, 5, 20, 17),
(3, 5, 21, 17),
(3, 6, 22, 17),
(3, 5, 23, 17),
(3, 5, 24, 17),
(3, 5, 25, 17),
(3, 6, 26, 17),
(3, 6, 1, 18),
(3, 5, 2, 18),
(3, 3, 3, 18),
(3, 6, 4, 18),
(3, 5, 5, 18),
(3, 3, 6, 18),
(3, 5, 7, 18),
(3, 5, 8, 18),
(3, 5, 9, 18),
(3, 5, 10, 18),
(3, 5, 11, 18),
(3, 5, 12, 18),
(3, 5, 13, 18),
(3, 5, 14, 18),
(3, 5, 15, 18),
(3, 5, 16, 18),
(3, 5, 17, 18),
(3, 5, 18, 18),
(3, 5, 19, 18),
(3, 5, 20, 18),
(3, 5, 21, 18),
(3, 6, 22, 18),
(3, 5, 23, 18),
(3, 5, 24, 18),
(3, 5, 25, 18),
(3, 6, 26, 18),
(3, 6, 1, 19),
(3, 5, 2, 19),
(3, 5, 3, 19),
(3, 6, 4, 19),
(3, 5, 5, 19),
(3, 5, 6, 19),
(3, 5, 7, 19),
(3, 5, 8, 19),
(3, 5, 9, 19),
(3, 5, 10, 19),
(3, 5, 11, 19),
(3, 5, 12, 19),
(3, 4, 13, 19),
(3, 5, 14, 19),
(3, 2, 15, 19),
(3, 5, 16, 19),
(3, 3, 17, 19),
(3, 5, 18, 19),
(3, 5, 19, 19),
(3, 5, 20, 19),
(3, 5, 21, 19),
(3, 6, 22, 19),
(3, 3, 23, 19),
(3, 3, 24, 19),
(3, 5, 25, 19),
(3, 6, 26, 19),
(3, 6, 1, 20),
(3, 5, 2, 20),
(3, 5, 3, 20),
(3, 6, 4, 20),
(3, 6, 5, 20),
(3, 6, 6, 20),
(3, 6, 7, 20),
(3, 6, 8, 20),
(3, 6, 9, 20),
(3, 6, 10, 20),
(3, 6, 11, 20),
(3, 6, 12, 20),
(3, 6, 13, 20),
(3, 6, 14, 20),
(3, 6, 15, 20),
(3, 6, 16, 20),
(3, 6, 17, 20),
(3, 6, 18, 20),
(3, 6, 19, 20),
(3, 6, 20, 20),
(3, 6, 21, 20),
(3, 6, 22, 20),
(3, 5, 23, 20),
(3, 5, 24, 20),
(3, 5, 25, 20),
(3, 6, 26, 20),
(3, 6, 1, 21),
(3, 5, 2, 21),
(3, 5, 3, 21),
(3, 5, 4, 21),
(3, 5, 5, 21),
(3, 5, 6, 21),
(3, 5, 7, 21),
(3, 5, 8, 21),
(3, 5, 9, 21),
(3, 5, 10, 21),
(3, 5, 11, 21),
(3, 3, 12, 21),
(3, 5, 13, 21),
(3, 5, 14, 21),
(3, 5, 15, 21),
(3, 5, 16, 21),
(3, 3, 17, 21),
(3, 3, 18, 21),
(3, 3, 19, 21),
(3, 3, 20, 21),
(3, 5, 21, 21),
(3, 5, 22, 21),
(3, 5, 23, 21),
(3, 5, 24, 21),
(3, 5, 25, 21),
(3, 6, 26, 21),
(3, 6, 1, 22),
(3, 3, 2, 22),
(3, 5, 3, 22),
(3, 5, 4, 22),
(3, 5, 5, 22),
(3, 5, 6, 22),
(3, 3, 7, 22),
(3, 5, 8, 22),
(3, 5, 9, 22),
(3, 5, 10, 22),
(3, 5, 11, 22),
(3, 4, 12, 22),
(3, 5, 13, 22),
(3, 5, 14, 22),
(3, 5, 15, 22),
(3, 5, 16, 22),
(3, 5, 17, 22),
(3, 5, 18, 22),
(3, 5, 19, 22),
(3, 5, 20, 22),
(3, 5, 21, 22),
(3, 5, 22, 22),
(3, 3, 23, 22),
(3, 5, 24, 22),
(3, 5, 25, 22),
(3, 6, 26, 22),
(3, 6, 1, 23),
(3, 6, 2, 23),
(3, 6, 3, 23),
(3, 6, 4, 23),
(3, 6, 5, 23),
(3, 6, 6, 23),
(3, 6, 7, 23),
(3, 6, 8, 23),
(3, 6, 9, 23),
(3, 6, 10, 23),
(3, 6, 11, 23),
(3, 6, 12, 23),
(3, 6, 13, 23),
(3, 6, 14, 23),
(3, 6, 15, 23),
(3, 6, 16, 23),
(3, 6, 17, 23),
(3, 6, 18, 23),
(3, 6, 19, 23),
(3, 6, 20, 23),
(3, 6, 21, 23),
(3, 6, 22, 23),
(3, 6, 23, 23),
(3, 6, 24, 23),
(3, 6, 25, 23),
(3, 6, 26, 23);